X000:0000 0000 0000 0000 0000 0000 0000 0000  0000 0000 0000 0000 0000 0000 0000 0000
X010:0000 0000 0000 0000 0000 0000 0000 0000  0000 0000 0000 0000 0000 0000 0000 0000
X020:0000 0000 0000 0000 0000 0000 0000 0000  0000 0000 0000 0000 0000 0000 0000 0000
X030:0000 0000 0000 0000 0000 0000 0000 0000  0000 0000 0000 0000 0000 0000 0000 0000
X040:0000 0000 0000 0000 0000 0000 0000 0000  0000 0000 0000 0000 0000 0000 0000 0000
X050:0000 0000 0000 0000 0000 0000 0000 0000  0000 0000 0000 0000 0000 0000 0000 0000
X060:0000 0000 0000 0000 0000 0000 0000 0000  0000 0000 0000 0000 0000 0000 0000 0000
X070:0000 0000 0000 0000 0000 0000 0000 0000  0000 0000 0000 0000 0000 0000 0000 0000
X080:0000 0000 0000 0000 0000 0000 0000 0000  0000 0000 0000 0000 0000 0000 0000 0000
X090:0000 0000 0000 0000 0000 0000 0000 0000  0000 0000 0000 0000 0000 0000 0000 0000
X0A0:0000 0000 0000 0000 0000 0000 0000 0000  0000 0000 0000 0000 0000 0000 0000 0000
X0B0:0000 0000 0000 0000 0000 0000 0000 0000  0000 0000 0000 0000 0000 0000 0000 0000
X0C0:0000 0000 0000 0000 0000 0000 0000 0000  0000 0000 0000 0000 0000 0000 0000 0000
X0D0:0000 0000 0000 0000 0000 0000 0000 0000  0000 0000 0000 0000 0000 0000 0000 0000
X0E0:0000 0000 0000 0000 0000 0000 0000 0000  0000 0000 0000 0000 0000 0000 0000 0000
X0F0:0000 0000 0000 0000 0000 0000 0000 0000  0000 0000 0000 0000 0000 0000 0000 0000
X100:0000 0000 0000 0000 0000 0000 0000 0000  0000 0000 0000 0000 0000 0000 0000 0000
X110:0000 0000 0000 0000 0000 0000 0000 0000  0000 0000 0000 0000 0000 0000 0000 0000
X120:0000 0000 0000 0000 0000 0000 0000 0000  0000 0000 0000 0000 0000 0000 0000 0000
X130:0000 0000 0000 0000 0000 0000 0000 0000  0000 0000 0000 0000 0000 0000 0000 0000
X140:0000 0000 0000 0000 0000 0000 0000 0000  0000 0000 0000 0000 0000 0000 0000 0000
X150:0000 0000 0000 0000 0000 0000 0000 0000  0000 0000 0000 0000 0000 0000 0000 0000
X160:0000 0000 0000 0000 0000 0000 0000 0000  0000 0000 0000 0000 0000 0000 0000 0000
X170:0000 0000 0000 0000 0000 0000 0000 0000  0000 0000 0000 0000 0000 0000 0000 0000
X180:0000 0000 0000 0000 0000 0000 0000 0000  0000 0000 0000 0000 0000 0000 0000 0000
X190:0000 0000 0000 0000 0000 0000 0000 0000  0000 0000 0000 0000 0000 0000 0000 0000
X1A0:0000 0000 0000 0000 0000 0000 0000 0000  0000 0000 0000 0000 0000 0000 0000 0000
X1B0:0000 0000 0000 0000 0000 0000 0000 0000  0000 0000 0000 0000 0000 0000 0000 0000
X1C0:0000 0000 0000 0000 0000 0000 0000 0000  0000 0000 0000 0000 0000 0000 0000 0000
X1D0:0000 0000 0000 0000 0000 0000 0000 0000  0000 0000 0000 0000 0000 0000 0000 0000
X1E0:0000 0000 0000 0000 0000 0000 0000 0000  0000 0000 0000 0000 0000 0000 0000 0000
X1F0:0000 0000 0000 0000 0000 0000 0000 0000  0000 0000 0000 0000 0000 0000 0000 0000
X200:0000 0000 0000 0000 0000 0000 0000 0000  0000 0000 0000 0000 0000 0000 0000 0000
X210:0000 0000 0000 0000 0000 0000 0000 0000  0000 0000 0000 0000 0000 0000 0000 0000
X220:0000 0000 0000 0000 0000 0000 0000 0000  0000 0000 0000 0000 0000 0000 0000 0000
X230:0000 0000 0000 0000 0000 0000 0000 0000  0000 0000 0000 0000 0000 0000 0000 0000
X240:0000 0000 0000 0000 0000 0000 0000 0000  0000 0000 0000 0000 0000 0000 0000 0000
X250:0000 0000 0000 0000 0000 0000 0000 0000  0000 0000 0000 0000 0000 0000 0000 0000
X260:0000 0000 0000 0000 0000 0000 0000 0000  0000 0000 0000 0000 0000 0000 0000 0000
X270:0000 0000 0000 0000 0000 0000 0000 0000  0000 0000 0000 0000 0000 0000 0000 0000
X280:0000 0000 0000 0000 0000 0000 0000 0000  0000 0000 0000 0000 0000 0000 0000 0000
X290:0000 0000 0000 0000 0000 0000 0000 0000  0000 0000 0000 0000 0000 0000 0000 0000
X2A0:0000 0000 0000 0000 0000 0000 0000 0000  0000 0000 0000 0000 0000 0000 0000 0000
X2B0:0000 0000 0000 0000 0000 0000 0000 0000  0000 0000 0000 0000 0000 0000 0000 0000
X2C0:0000 0000 0000 0000 0000 0000 0000 0000  0000 0000 0000 0000 0000 0000 0000 0000
X2D0:0000 0000 0000 0000 0000 0000 0000 0000  0000 0000 0000 0000 0000 0000 0000 0000
X2E0:0000 0000 0000 0000 0000 0000 0000 0000  0000 0000 0000 0000 0000 0000 0000 0000
X2F0:0000 0000 0000 0000 0000 0000 0000 0000  0000 0000 0000 0000 0000 0000 0000 0000
X300:0000 0000 0000 0000 0000 0000 0000 0000  0000 0000 0000 0000 0000 0000 0000 0000
X310:0000 0000 0000 0000 0000 0000 0000 0000  0000 0000 0000 0000 0000 0000 0000 0000
X320:0000 0000 0000 0000 0000 0000 0000 0000  0000 0000 0000 0000 0000 0000 0000 0000
X330:0000 0000 0000 0000 0000 0000 0000 0000  0000 0000 0000 0000 0000 0000 0000 0000
X340:0000 0000 0000 0000 0000 0000 0000 0000  0000 0000 0000 0000 0000 0000 0000 0000
X350:0000 0000 0000 0000 0000 0000 0000 0000  0000 0000 0000 0000 0000 0000 0000 0000
X360:0000 0000 0000 0000 0000 0000 0000 0000  0000 0000 0000 0000 0000 0000 0000 0000
X370:0000 0000 0000 0000 0000 0000 0000 0000  0000 0000 0000 0000 0000 0000 0000 0000
X380:0000 0000 0000 0000 0000 0000 0000 0000  0000 0000 0000 0000 0000 0000 0000 0000
X390:0000 0000 0000 0000 0000 0000 0000 0000  0000 0000 0000 0000 0000 0000 0000 0000
X3A0:0000 0000 0000 0000 0000 0000 0000 0000  0000 0000 0000 0000 0000 0000 0000 0000
X3B0:0000 0000 0000 0000 0000 0000 0000 0000  0000 0000 0000 0000 0000 0000 0000 0000
X3C0:0000 0000 0000 0000 0000 0000 0000 0000  0000 0000 0000 0000 0000 0000 0000 0000
X3D0:0000 0000 0000 0000 0000 0000 0000 0000  0000 0000 0000 0000 0000 0000 0000 0000
X3E0:0000 0000 0000 0000 0000 0000 0000 0000  0000 0000 0000 0000 0000 0000 0000 0000
X3F0:0000 0000 0000 0000 0000 0000 0000 0000  0000 0000 0000 0000 0000 0000 0000 0000
X400:0000 0000 0000 0000 0000 0000 0000 0000  0000 0000 0000 0000 0000 0000 0000 0000
X410:0000 0000 0000 0000 0000 0000 0000 0000  0000 0000 0000 0000 0000 0000 0000 0000
X420:0000 0000 0000 0000 0000 0000 0000 0000  0000 0000 0000 0000 0000 0000 0000 0000
X430:0000 0000 0000 0000 0000 0000 0000 0000  0000 0000 0000 0000 0000 0000 0000 0000
X440:0000 0000 0000 0000 0000 0000 0000 0000  0000 0000 0000 0000 0000 0000 0000 0000
X450:0000 0000 0000 0000 0000 0000 0000 0000  0000 0000 0000 0000 0000 0000 0000 0000
X460:0000 0000 0000 0000 0000 0000 0000 0000  0000 0000 0000 0000 0000 0000 0000 0000
X470:0000 0000 0000 0000 0000 0000 0000 0000  0000 0000 0000 0000 0000 0000 0000 0000
X480:0000 0000 0000 0000 0000 0000 0000 0000  0000 0000 0000 0000 0000 0000 0000 0000
X490:0000 0000 0000 0000 0000 0000 0000 0000  0000 0000 0000 0000 0000 0000 0000 0000
X4A0:0000 0000 0000 0000 0000 0000 0000 0000  0000 0000 0000 0000 0000 0000 0000 0000
X4B0:0000 0000 0000 0000 0000 0000 0000 0000  0000 0000 0000 0000 0000 0000 0000 0000
X4C0:0000 0000 0000 0000 0000 0000 0000 0000  0000 0000 0000 0000 0000 0000 0000 0000
X4D0:0000 0000 0000 0000 0000 0000 0000 0000  0000 0000 0000 0000 0000 0000 0000 0000
X4E0:0000 0000 0000 0000 0000 0000 0000 0000  0000 0000 0000 0000 0000 0000 0000 0000
X4F0:0000 0000 0000 0000 0000 0000 0000 0000  0000 0000 0000 0000 0000 0000 0000 0000
X500:0000 0000 0000 0000 0000 0000 0000 0000  0000 0000 0000 0000 0000 0000 0000 0000
X510:0000 0000 0000 0000 0000 0000 0000 0000  0000 0000 0000 0000 0000 0000 0000 0000
X520:0000 0000 0000 0000 0000 0000 0000 0000  0000 0000 0000 0000 0000 0000 0000 0000
X530:0000 0000 0000 0000 0000 0000 0000 0000  0000 0000 0000 0000 0000 0000 0000 0000
X540:0000 0000 0000 0000 0000 0000 0000 0000  0000 0000 0000 0000 0000 0000 0000 0000
X550:0000 0000 0000 0000 0000 0000 0000 0000  0000 0000 0000 0000 0000 0000 0000 0000
X560:0000 0000 0000 0000 0000 0000 0000 0000  0000 0000 0000 0000 0000 0000 0000 0000
X570:0000 0000 0000 0000 0000 0000 0000 0000  0000 0000 0000 0000 0000 0000 0000 0000
X580:0000 0000 0000 0000 0000 0000 0000 0000  0000 0000 0000 0000 0000 0000 0000 0000
X590:0000 0000 0000 0000 0000 0000 0000 0000  0000 0000 0000 0000 0000 0000 0000 0000
X5A0:0000 0000 0000 0000 0000 0000 0000 0000  0000 0000 0000 0000 0000 0000 0000 0000
X5B0:0000 0000 0000 0000 0000 0000 0000 0000  0000 0000 0000 0000 0000 0000 0000 0000
X5C0:0000 0000 0000 0000 0000 0000 0000 0000  0000 0000 0000 0000 0000 0000 0000 0000
X5D0:0000 0000 0000 0000 0000 0000 0000 0000  0000 0000 0000 0000 0000 0000 0000 0000
X5E0:0000 0000 0000 0000 0000 0000 0000 0000  0000 0000 0000 0000 0000 0000 0000 0000
X5F0:0000 0000 0000 0000 0000 0000 0000 0000  0000 0000 0000 0000 0000 0000 0000 0000
X600:0000 0000 0000 0000 0000 0000 0000 0000  0000 0000 0000 0000 0000 0000 0000 0000
X610:0000 0000 0000 0000 0000 0000 0000 0000  0000 0000 0000 0000 0000 0000 0000 0000
X620:0000 0000 0000 0000 0000 0000 0000 0000  0000 0000 0000 0000 0000 0000 0000 0000
X630:0000 0000 0000 0000 0000 0000 0000 0000  0000 0000 0000 0000 0000 0000 0000 0000
X640:0000 0000 0000 0000 0000 0000 0000 0000  0000 0000 0000 0000 0000 0000 0000 0000
X650:0000 0000 0000 0000 0000 0000 0000 0000  0000 0000 0000 0000 0000 0000 0000 0000
X660:0000 0000 0000 0000 0000 0000 0000 0000  0000 0000 0000 0000 0000 0000 0000 0000
X670:0000 0000 0000 0000 0000 0000 0000 0000  0000 0000 0000 0000 0000 0000 0000 0000
X680:0000 0000 0000 0000 0000 0000 0000 0000  0000 0000 0000 0000 0000 0000 0000 0000
X690:0000 0000 0000 0000 0000 0000 0000 0000  0000 0000 0000 0000 0000 0000 0000 0000
X6A0:0000 0000 0000 0000 0000 0000 0000 0000  0000 0000 0000 0000 0000 0000 0000 0000
X6B0:0000 0000 0000 0000 0000 0000 0000 0000  0000 0000 0000 0000 0000 0000 0000 0000
X6C0:0000 0000 0000 0000 0000 0000 0000 0000  0000 0000 0000 0000 0000 0000 0000 0000
X6D0:0000 0000 0000 0000 0000 0000 0000 0000  0000 0000 0000 0000 0000 0000 0000 0000
X6E0:0000 0000 0000 0000 0000 0000 0000 0000  0000 0000 0000 0000 0000 0000 0000 0000
X6F0:0000 0000 0000 0000 0000 0000 0000 0000  0000 0000 0000 0000 0000 0000 0000 0000
X700:0000 0000 0000 0000 0000 0000 0000 0000  0000 0000 0000 0000 0000 0000 0000 0000
X710:0000 0000 0000 0000 0000 0000 0000 0000  0000 0000 0000 0000 0000 0000 0000 0000
X720:0000 0000 0000 0000 0000 0000 0000 0000  0000 0000 0000 0000 0000 0000 0000 0000
X730:0000 0000 0000 0000 0000 0000 0000 0000  0000 0000 0000 0000 0000 0000 0000 0000
X740:0000 0000 0000 0000 0000 0000 0000 0000  0000 0000 0000 0000 0000 0000 0000 0000
X750:0000 0000 0000 0000 0000 0000 0000 0000  0000 0000 0000 0000 0000 0000 0000 0000
X760:0000 0000 0000 0000 0000 0000 0000 0000  0000 0000 0000 0000 0000 0000 0000 0000
X770:0000 0000 0000 0000 0000 0000 0000 0000  0000 0000 0000 0000 0000 0000 0000 0000
X780:0000 0000 0000 0000 0000 0000 0000 0000  0000 0000 0000 0000 0000 0000 0000 0000
X790:0000 0000 0000 0000 0000 0000 0000 0000  0000 0000 0000 0000 0000 0000 0000 0000
X7A0:0000 0000 0000 0000 0000 0000 0000 0000  0000 0000 0000 0000 0000 0000 0000 0000
X7B0:0000 0000 0000 0000 0000 0000 0000 0000  0000 0000 0000 0000 0000 0000 0000 0000
X7C0:0000 0000 0000 0000 0000 0000 0000 0000  0000 0000 0000 0000 0000 0000 0000 0000
X7D0:0000 0000 0000 0000 0000 0000 0000 0000  0000 0000 0000 0000 0000 0000 0000 0000
X7E0:0000 0000 0000 0000 0000 0000 0000 0000  0000 0000 0000 0000 0000 0000 0000 0000
X7F0:0000 0000 0000 0000 0000 0000 0000 0000  0000 0000 0000 0000 0000 0000 0000 0000
X800:0000 0000 0000 0000 0000 0000 0000 0000  0000 0000 0000 0000 0000 0000 0000 0000
X810:0000 0000 0000 0000 0000 0000 0000 0000  0000 0000 0000 0000 0000 0000 0000 0000
X820:0000 0000 0000 0000 0000 0000 0000 0000  0000 0000 0000 0000 0000 0000 0000 0000
X830:0000 0000 0000 0000 0000 0000 0000 0000  0000 0000 0000 0000 0000 0000 0000 0000
X840:0000 0000 0000 0000 0000 0000 0000 0000  0000 0000 0000 0000 0000 0000 0000 0000
X850:0000 0000 0000 0000 0000 0000 0000 0000  0000 0000 0000 0000 0000 0000 0000 0000
X860:0000 0000 0000 0000 0000 0000 0000 0000  0000 0000 0000 0000 0000 0000 0000 0000
X870:0000 0000 0000 0000 0000 0000 0000 0000  0000 0000 0000 0000 0000 0000 0000 0000
X880:0000 0000 0000 0000 0000 0000 0000 0000  0000 0000 0000 0000 0000 0000 0000 0000
X890:0000 0000 0000 0000 0000 0000 0000 0000  0000 0000 0000 0000 0000 0000 0000 0000
X8A0:0000 0000 0000 0000 0000 0000 0000 0000  0000 0000 0000 0000 0000 0000 0000 0000
X8B0:0000 0000 0000 0000 0000 0000 0000 0000  0000 0000 0000 0000 0000 0000 0000 0000
X8C0:0000 0000 0000 0000 0000 0000 0000 0000  0000 0000 0000 0000 0000 0000 0000 0000
X8D0:0000 0000 0000 0000 0000 0000 0000 0000  0000 0000 0000 0000 0000 0000 0000 0000
X8E0:0000 0000 0000 0000 0000 0000 0000 0000  0000 0000 0000 0000 0000 0000 0000 0000
X8F0:0000 0000 0000 0000 0000 0000 0000 0000  0000 0000 0000 0000 0000 0000 0000 0000
X900:0000 0000 0000 0000 0000 0000 0000 0000  0000 0000 0000 0000 0000 0000 0000 0000
X910:0000 0000 0000 0000 0000 0000 0000 0000  0000 0000 0000 0000 0000 0000 0000 0000
X920:0000 0000 0000 0000 0000 0000 0000 0000  0000 0000 0000 0000 0000 0000 0000 0000
X930:0000 0000 0000 0000 0000 0000 0000 0000  0000 0000 0000 0000 0000 0000 0000 0000
X940:0000 0000 0000 0000 0000 0000 0000 0000  0000 0000 0000 0000 0000 0000 0000 0000
X950:0000 0000 0000 0000 0000 0000 0000 0000  0000 0000 0000 0000 0000 0000 0000 0000
X960:0000 0000 0000 0000 0000 0000 0000 0000  0000 0000 0000 0000 0000 0000 0000 0000
X970:0000 0000 0000 0000 0000 0000 0000 0000  0000 0000 0000 0000 0000 0000 0000 0000
X980:0000 0000 0000 0000 0000 0000 0000 0000  0000 0000 0000 0000 0000 0000 0000 0000
X990:0000 0000 0000 0000 0000 0000 0000 0000  0000 0000 0000 0000 0000 0000 0000 0000
X9A0:0000 0000 0000 0000 0000 0000 0000 0000  0000 0000 0000 0000 0000 0000 0000 0000
X9B0:0000 0000 0000 0000 0000 0000 0000 0000  0000 0000 0000 0000 0000 0000 0000 0000
X9C0:0000 0000 0000 0000 0000 0000 0000 0000  0000 0000 0000 0000 0000 0000 0000 0000
X9D0:0000 0000 0000 0000 0000 0000 0000 0000  0000 0000 0000 0000 0000 0000 0000 0000
X9E0:0000 0000 0000 0000 0000 0000 0000 0000  0000 0000 0000 0000 0000 0000 0000 0000
X9F0:0000 0000 0000 0000 0000 0000 0000 0000  0000 0000 0000 0000 0000 0000 0000 0000
XA00:0000 0000 0000 0000 0000 0000 0000 0000  0000 0000 0000 0000 0000 0000 0000 0000
XA10:0000 0000 0000 0000 0000 0000 0000 0000  0000 0000 0000 0000 0000 0000 0000 0000
XA20:0000 0000 0000 0000 0000 0000 0000 0000  0000 0000 0000 0000 0000 0000 0000 0000
XA30:0000 0000 0000 0000 0000 0000 0000 0000  0000 0000 0000 0000 0000 0000 0000 0000
XA40:0000 0000 0000 0000 0000 0000 0000 0000  0000 0000 0000 0000 0000 0000 0000 0000
XA50:0000 0000 0000 0000 0000 0000 0000 0000  0000 0000 0000 0000 0000 0000 0000 0000
XA60:0000 0000 0000 0000 0000 0000 0000 0000  0000 0000 0000 0000 0000 0000 0000 0000
XA70:0000 0000 0000 0000 0000 0000 0000 0000  0000 0000 0000 0000 0000 0000 0000 0000
XA80:0000 0000 0000 0000 0000 0000 0000 0000  0000 0000 0000 0000 0000 0000 0000 0000
XA90:0000 0000 0000 0000 0000 0000 0000 0000  0000 0000 0000 0000 0000 0000 0000 0000
XAA0:0000 0000 0000 0000 0000 0000 0000 0000  0000 0000 0000 0000 0000 0000 0000 0000
XAB0:0000 0000 0000 0000 0000 0000 0000 0000  0000 0000 0000 0000 0000 0000 0000 0000
XAC0:0000 0000 0000 0000 0000 0000 0000 0000  0000 0000 0000 0000 0000 0000 0000 0000
XAD0:0000 0000 0000 0000 0000 0000 0000 0000  0000 0000 0000 0000 0000 0000 0000 0000
XAE0:0000 0000 0000 0000 0000 0000 0000 0000  0000 0000 0000 0000 0000 0000 0000 0000
XAF0:0000 0000 0000 0000 0000 0000 0000 0000  0000 0000 0000 0000 0000 0000 0000 0000
XB00:0000 0000 0000 0000 0000 0000 0000 0000  0000 0000 0000 0000 0000 0000 0000 0000
XB10:0000 0000 0000 0000 0000 0000 0000 0000  0000 0000 0000 0000 0000 0000 0000 0000
XB20:0000 0000 0000 0000 0000 0000 0000 0000  0000 0000 0000 0000 0000 0000 0000 0000
XB30:0000 0000 0000 0000 0000 0000 0000 0000  0000 0000 0000 0000 0000 0000 0000 0000
XB40:0000 0000 0000 0000 0000 0000 0000 0000  0000 0000 0000 0000 0000 0000 0000 0000
XB50:0000 0000 0000 0000 0000 0000 0000 0000  0000 0000 0000 0000 0000 0000 0000 0000
XB60:0000 0000 0000 0000 0000 0000 0000 0000  0000 0000 0000 0000 0000 0000 0000 0000
XB70:0000 0000 0000 0000 0000 0000 0000 0000  0000 0000 0000 0000 0000 0000 0000 0000
XB80:0000 0000 0000 0000 0000 0000 0000 0000  0000 0000 0000 0000 0000 0000 0000 0000
XB90:0000 0000 0000 0000 0000 0000 0000 0000  0000 0000 0000 0000 0000 0000 0000 0000
XBA0:0000 0000 0000 0000 0000 0000 0000 0000  0000 0000 0000 0000 0000 0000 0000 0000
XBB0:0000 0000 0000 0000 0000 0000 0000 0000  0000 0000 0000 0000 0000 0000 0000 0000
XBC0:0000 0000 0000 0000 0000 0000 0000 0000  0000 0000 0000 0000 0000 0000 0000 0000
XBD0:0000 0000 0000 0000 0000 0000 0000 0000  0000 0000 0000 0000 0000 0000 0000 0000
XBE0:0000 0000 0000 0000 0000 0000 0000 0000  0000 0000 0000 0000 0000 0000 0000 0000
XBF0:0000 0000 0000 0000 0000 0000 0000 0000  0000 0000 0000 0000 0000 0000 0000 0000
XC00:0000 0000 0000 0000 0000 0000 0000 0000  0000 0000 0000 0000 0000 0000 0000 0000
XC10:0000 0000 0000 0000 0000 0000 0000 0000  0000 0000 0000 0000 0000 0000 0000 0000
XC20:0000 0000 0000 0000 0000 0000 0000 0000  0000 0000 0000 0000 0000 0000 0000 0000
XC30:0000 0000 0000 0000 0000 0000 0000 0000  0000 0000 0000 0000 0000 0000 0000 0000
XC40:0000 0000 0000 0000 0000 0000 0000 0000  0000 0000 0000 0000 0000 0000 0000 0000
XC50:0000 0000 0000 0000 0000 0000 0000 0000  0000 0000 0000 0000 0000 0000 0000 0000
XC60:0000 0000 0000 0000 0000 0000 0000 0000  0000 0000 0000 0000 0000 0000 0000 0000
XC70:0000 0000 0000 0000 0000 0000 0000 0000  0000 0000 0000 0000 0000 0000 0000 0000
XC80:0000 0000 0000 0000 0000 0000 0000 0000  0000 0000 0000 0000 0000 0000 0000 0000
XC90:0000 0000 0000 0000 0000 0000 0000 0000  0000 0000 0000 0000 0000 0000 0000 0000
XCA0:0000 0000 0000 0000 0000 0000 0000 0000  0000 0000 0000 0000 0000 0000 0000 0000
XCB0:0000 0000 0000 0000 0000 0000 0000 0000  0000 0000 0000 0000 0000 0000 0000 0000
XCC0:0000 0000 0000 0000 0000 0000 0000 0000  0000 0000 0000 0000 0000 0000 0000 0000
XCD0:0000 0000 0000 0000 0000 0000 0000 0000  0000 0000 0000 0000 0000 0000 0000 0000
XCE0:0000 0000 0000 0000 0000 0000 0000 0000  0000 0000 0000 0000 0000 0000 0000 0000
XCF0:0000 0000 0000 0000 0000 0000 0000 0000  0000 0000 0000 0000 0000 0000 0000 0000
XD00:0000 0000 0000 0000 0000 0000 0000 0000  0000 0000 0000 0000 0000 0000 0000 0000
XD10:0000 0000 0000 0000 0000 0000 0000 0000  0000 0000 0000 0000 0000 0000 0000 0000
XD20:0000 0000 0000 0000 0000 0000 0000 0000  0000 0000 0000 0000 0000 0000 0000 0000
XD30:0000 0000 0000 0000 0000 0000 0000 0000  0000 0000 0000 0000 0000 0000 0000 0000
XD40:0000 0000 0000 0000 0000 0000 0000 0000  0000 0000 0000 0000 0000 0000 0000 0000
XD50:0000 0000 0000 0000 0000 0000 0000 0000  0000 0000 0000 0000 0000 0000 0000 0000
XD60:0000 0000 0000 0000 0000 0000 0000 0000  0000 0000 0000 0000 0000 0000 0000 0000
XD70:0000 0000 0000 0000 0000 0000 0000 0000  0000 0000 0000 0000 0000 0000 0000 0000
XD80:0000 0000 0000 0000 0000 0000 0000 0000  0000 0000 0000 0000 0000 0000 0000 0000
XD90:0000 0000 0000 0000 0000 0000 0000 0000  0000 0000 0000 0000 0000 0000 0000 0000
XDA0:0000 0000 0000 0000 0000 0000 0000 0000  0000 0000 0000 0000 0000 0000 0000 0000
XDB0:0000 0000 0000 0000 0000 0000 0000 0000  0000 0000 0000 0000 0000 0000 0000 0000
XDC0:0000 0000 0000 0000 0000 0000 0000 0000  0000 0000 0000 0000 0000 0000 0000 0000
XDD0:0000 0000 0000 0000 0000 0000 0000 0000  0000 0000 0000 0000 0000 0000 0000 0000
XDE0:0000 0000 0000 0000 0000 0000 0000 0000  0000 0000 0000 0000 0000 0000 0000 0000
XDF0:0000 0000 0000 0000 0000 0000 0000 0000  0000 0000 0000 0000 0000 0000 0000 0000
XE00:0000 0000 0000 0000 0000 0000 0000 0000  0000 0000 0000 0000 0000 0000 0000 0000
XE10:0000 0000 0000 0000 0000 0000 0000 0000  0000 0000 0000 0000 0000 0000 0000 0000
XE20:0000 0000 0000 0000 0000 0000 0000 0000  0000 0000 0000 0000 0000 0000 0000 0000
XE30:0000 0000 0000 0000 0000 0000 0000 0000  0000 0000 0000 0000 0000 0000 0000 0000
XE40:0000 0000 0000 0000 0000 0000 0000 0000  0000 0000 0000 0000 0000 0000 0000 0000
XE50:0000 0000 0000 0000 0000 0000 0000 0000  0000 0000 0000 0000 0000 0000 0000 0000
XE60:0000 0000 0000 0000 0000 0000 0000 0000  0000 0000 0000 0000 0000 0000 0000 0000
XE70:0000 0000 0000 0000 0000 0000 0000 0000  0000 0000 0000 0000 0000 0000 0000 0000
XE80:0000 0000 0000 0000 0000 0000 0000 0000  0000 0000 0000 0000 0000 0000 0000 0000
XE90:0000 0000 0000 0000 0000 0000 0000 0000  0000 0000 0000 0000 0000 0000 0000 0000
XEA0:0000 0000 0000 0000 0000 0000 0000 0000  0000 0000 0000 0000 0000 0000 0000 0000
XEB0:0000 0000 0000 0000 0000 0000 0000 0000  0000 0000 0000 0000 0000 0000 0000 0000
XEC0:0000 0000 0000 0000 0000 0000 0000 0000  0000 0000 0000 0000 0000 0000 0000 0000
XED0:0000 0000 0000 0000 0000 0000 0000 0000  0000 0000 0000 0000 0000 0000 0000 0000
XEE0:0000 0000 0000 0000 0000 0000 0000 0000  0000 0000 0000 0000 0000 0000 0000 0000
XEF0:0000 0000 0000 0000 0000 0000 0000 0000  0000 0000 0000 0000 0000 0000 0000 0000
XF00:0000 0000 0000 0000 0000 0000 0000 0000  0000 0000 0000 0000 0000 0000 0000 0000
XF10:0000 0000 0000 0000 0000 0000 0000 0000  0000 0000 0000 0000 0000 0000 0000 0000
XF20:0000 0000 0000 0000 0000 0000 0000 0000  0000 0000 0000 0000 0000 0000 0000 0000
XF30:0000 0000 0000 0000 0000 0000 0000 0000  0000 0000 0000 0000 0000 0000 0000 0000
XF40:0000 0000 0000 0000 0000 0000 0000 0000  0000 0000 0000 0000 0000 0000 0000 0000
XF50:0000 0000 0000 0000 0000 0000 0000 0000  0000 0000 0000 0000 0000 0000 0000 0000
XF60:0000 0000 0000 0000 0000 0000 0000 0000  0000 0000 0000 0000 0000 0000 0000 0000
XF70:0000 0000 0000 0000 0000 0000 0000 0000  0000 0000 0000 0000 0000 0000 0000 0000
XF80:0000 0000 0000 0000 0000 0000 0000 0000  0000 0000 0000 0000 0000 0000 0000 0000
XF90:0000 0000 0000 0000 0000 0000 0000 0000  0000 0000 0000 0000 0000 0000 0000 0000
XFA0:0000 0000 0000 0000 0000 0000 0000 0000  0000 0000 0000 0000 0000 0000 0000 0000
XFB0:0000 0000 0000 0000 0000 0000 0000 0000  0000 0000 0000 0000 0000 0000 0000 0000
XFC0:0000 0000 0000 0000 0000 0000 0000 0000  0000 0000 0000 0000 0000 0000 0000 0000
XFD0:0000 0000 0000 0000 0000 0000 0000 0000  0000 0000 0000 0000 0000 0000 0000 0000
XFE0:0000 0000 0000 0000 0000 0000 0000 0000  0000 0000 0000 0000 0000 0000 0000 0000
XFF0:0000 0000 0000 0000 0000 0000 0000 0000  0000 0000 0000 0000 0000 0000 0000 0000
Y000:0000 0000 0000 0000 0000 0000 0000 0000  0000 0000 0000 0000 0000 0000 0000 0000
Y010:0000 0000 0000 0000 0000 0000 0000 0000  0000 0000 0000 0000 0000 0000 0000 0000
Y020:0000 0000 0000 0000 0000 0000 0000 0000  0000 0000 0000 0000 0000 0000 0000 0000
Y030:0000 0000 0000 0000 0000 0000 0000 0000  0000 0000 0000 0000 0000 0000 0000 0000
Y040:0000 0000 0000 0000 0000 0000 0000 0000  0000 0000 0000 0000 0000 0000 0000 0000
Y050:0000 0000 0000 0000 0000 0000 0000 0000  0000 0000 0000 0000 0000 0000 0000 0000
Y060:0000 0000 0000 0000 0000 0000 0000 0000  0000 0000 0000 0000 0000 0000 0000 0000
Y070:0000 0000 0000 0000 0000 0000 0000 0000  0000 0000 0000 0000 0000 0000 0000 0000
Y080:0000 0000 0000 0000 0000 0000 0000 0000  0000 0000 0000 0000 0000 0000 0000 0000
Y090:0000 0000 0000 0000 0000 0000 0000 0000  0000 0000 0000 0000 0000 0000 0000 0000
Y0A0:0000 0000 0000 0000 0000 0000 0000 0000  0000 0000 0000 0000 0000 0000 0000 0000
Y0B0:0000 0000 0000 0000 0000 0000 0000 0000  0000 0000 0000 0000 0000 0000 0000 0000
Y0C0:0000 0000 0000 0000 0000 0000 0000 0000  0000 0000 0000 0000 0000 0000 0000 0000
Y0D0:0000 0000 0000 0000 0000 0000 0000 0000  0000 0000 0000 0000 0000 0000 0000 0000
Y0E0:0000 0000 0000 0000 0000 0000 0000 0000  0000 0000 0000 0000 0000 0000 0000 0000
Y0F0:0000 0000 0000 0000 0000 0000 0000 0000  0000 0000 0000 0000 0000 0000 0000 0000
Y100:0000 0000 0000 0000 0000 0000 0000 0000  0000 0000 0000 0000 0000 0000 0000 0000
Y110:0000 0000 0000 0000 0000 0000 0000 0000  0000 0000 0000 0000 0000 0000 0000 0000
Y120:0000 0000 0000 0000 0000 0000 0000 0000  0000 0000 0000 0000 0000 0000 0000 0000
Y130:0000 0000 0000 0000 0000 0000 0000 0000  0000 0000 0000 0000 0000 0000 0000 0000
Y140:0000 0000 0000 0000 0000 0000 0000 0000  0000 0000 0000 0000 0000 0000 0000 0000
Y150:0000 0000 0000 0000 0000 0000 0000 0000  0000 0000 0000 0000 0000 0000 0000 0000
Y160:0000 0000 0000 0000 0000 0000 0000 0000  0000 0000 0000 0000 0000 0000 0000 0000
Y170:0000 0000 0000 0000 0000 0000 0000 0000  0000 0000 0000 0000 0000 0000 0000 0000
Y180:0000 0000 0000 0000 0000 0000 0000 0000  0000 0000 0000 0000 0000 0000 0000 0000
Y190:0000 0000 0000 0000 0000 0000 0000 0000  0000 0000 0000 0000 0000 0000 0000 0000
Y1A0:0000 0000 0000 0000 0000 0000 0000 0000  0000 0000 0000 0000 0000 0000 0000 0000
Y1B0:0000 0000 0000 0000 0000 0000 0000 0000  0000 0000 0000 0000 0000 0000 0000 0000
Y1C0:0000 0000 0000 0000 0000 0000 0000 0000  0000 0000 0000 0000 0000 0000 0000 0000
Y1D0:0000 0000 0000 0000 0000 0000 0000 0000  0000 0000 0000 0000 0000 0000 0000 0000
Y1E0:0000 0000 0000 0000 0000 0000 0000 0000  0000 0000 0000 0000 0000 0000 0000 0000
Y1F0:0000 0000 0000 0000 0000 0000 0000 0000  0000 0000 0000 0000 0000 0000 0000 0000
Y200:0000 0000 0000 0000 0000 0000 0000 0000  0000 0000 0000 0000 0000 0000 0000 0000
Y210:0000 0000 0000 0000 0000 0000 0000 0000  0000 0000 0000 0000 0000 0000 0000 0000
Y220:0000 0000 0000 0000 0000 0000 0000 0000  0000 0000 0000 0000 0000 0000 0000 0000
Y230:0000 0000 0000 0000 0000 0000 0000 0000  0000 0000 0000 0000 0000 0000 0000 0000
Y240:0000 0000 0000 0000 0000 0000 0000 0000  0000 0000 0000 0000 0000 0000 0000 0000
Y250:0000 0000 0000 0000 0000 0000 0000 0000  0000 0000 0000 0000 0000 0000 0000 0000
Y260:0000 0000 0000 0000 0000 0000 0000 0000  0000 0000 0000 0000 0000 0000 0000 0000
Y270:0000 0000 0000 0000 0000 0000 0000 0000  0000 0000 0000 0000 0000 0000 0000 0000
Y280:0000 0000 0000 0000 0000 0000 0000 0000  0000 0000 0000 0000 0000 0000 0000 0000
Y290:0000 0000 0000 0000 0000 0000 0000 0000  0000 0000 0000 0000 0000 0000 0000 0000
Y2A0:0000 0000 0000 0000 0000 0000 0000 0000  0000 0000 0000 0000 0000 0000 0000 0000
Y2B0:0000 0000 0000 0000 0000 0000 0000 0000  0000 0000 0000 0000 0000 0000 0000 0000
Y2C0:0000 0000 0000 0000 0000 0000 0000 0000  0000 0000 0000 0000 0000 0000 0000 0000
Y2D0:0000 0000 0000 0000 0000 0000 0000 0000  0000 0000 0000 0000 0000 0000 0000 0000
Y2E0:0000 0000 0000 0000 0000 0000 0000 0000  0000 0000 0000 0000 0000 0000 0000 0000
Y2F0:0000 0000 0000 0000 0000 0000 0000 0000  0000 0000 0000 0000 0000 0000 0000 0000
Y300:0000 0000 0000 0000 0000 0000 0000 0000  0000 0000 0000 0000 0000 0000 0000 0000
Y310:0000 0000 0000 0000 0000 0000 0000 0000  0000 0000 0000 0000 0000 0000 0000 0000
Y320:0000 0000 0000 0000 0000 0000 0000 0000  0000 0000 0000 0000 0000 0000 0000 0000
Y330:0000 0000 0000 0000 0000 0000 0000 0000  0000 0000 0000 0000 0000 0000 0000 0000
Y340:0000 0000 0000 0000 0000 0000 0000 0000  0000 0000 0000 0000 0000 0000 0000 0000
Y350:0000 0000 0000 0000 0000 0000 0000 0000  0000 0000 0000 0000 0000 0000 0000 0000
Y360:0000 0000 0000 0000 0000 0000 0000 0000  0000 0000 0000 0000 0000 0000 0000 0000
Y370:0000 0000 0000 0000 0000 0000 0000 0000  0000 0000 0000 0000 0000 0000 0000 0000
Y380:0000 0000 0000 0000 0000 0000 0000 0000  0000 0000 0000 0000 0000 0000 0000 0000
Y390:0000 0000 0000 0000 0000 0000 0000 0000  0000 0000 0000 0000 0000 0000 0000 0000
Y3A0:0000 0000 0000 0000 0000 0000 0000 0000  0000 0000 0000 0000 0000 0000 0000 0000
Y3B0:0000 0000 0000 0000 0000 0000 0000 0000  0000 0000 0000 0000 0000 0000 0000 0000
Y3C0:0000 0000 0000 0000 0000 0000 0000 0000  0000 0000 0000 0000 0000 0000 0000 0000
Y3D0:0000 0000 0000 0000 0000 0000 0000 0000  0000 0000 0000 0000 0000 0000 0000 0000
Y3E0:0000 0000 0000 0000 0000 0000 0000 0000  0000 0000 0000 0000 0000 0000 0000 0000
Y3F0:0000 0000 0000 0000 0000 0000 0000 0000  0000 0000 0000 0000 0000 0000 0000 0000
Y400:0000 0000 0000 0000 0000 0000 0000 0000  0000 0000 0000 0000 0000 0000 0000 0000
Y410:0000 0000 0000 0000 0000 0000 0000 0000  0000 0000 0000 0000 0000 0000 0000 0000
Y420:0000 0000 0000 0000 0000 0000 0000 0000  0000 0000 0000 0000 0000 0000 0000 0000
Y430:0000 0000 0000 0000 0000 0000 0000 0000  0000 0000 0000 0000 0000 0000 0000 0000
Y440:0000 0000 0000 0000 0000 0000 0000 0000  0000 0000 0000 0000 0000 0000 0000 0000
Y450:0000 0000 0000 0000 0000 0000 0000 0000  0000 0000 0000 0000 0000 0000 0000 0000
Y460:0000 0000 0000 0000 0000 0000 0000 0000  0000 0000 0000 0000 0000 0000 0000 0000
Y470:0000 0000 0000 0000 0000 0000 0000 0000  0000 0000 0000 0000 0000 0000 0000 0000
Y480:0000 0000 0000 0000 0000 0000 0000 0000  0000 0000 0000 0000 0000 0000 0000 0000
Y490:0000 0000 0000 0000 0000 0000 0000 0000  0000 0000 0000 0000 0000 0000 0000 0000
Y4A0:0000 0000 0000 0000 0000 0000 0000 0000  0000 0000 0000 0000 0000 0000 0000 0000
Y4B0:0000 0000 0000 0000 0000 0000 0000 0000  0000 0000 0000 0000 0000 0000 0000 0000
Y4C0:0000 0000 0000 0000 0000 0000 0000 0000  0000 0000 0000 0000 0000 0000 0000 0000
Y4D0:0000 0000 0000 0000 0000 0000 0000 0000  0000 0000 0000 0000 0000 0000 0000 0000
Y4E0:0000 0000 0000 0000 0000 0000 0000 0000  0000 0000 0000 0000 0000 0000 0000 0000
Y4F0:0000 0000 0000 0000 0000 0000 0000 0000  0000 0000 0000 0000 0000 0000 0000 0000
Y500:0000 0000 0000 0000 0000 0000 0000 0000  0000 0000 0000 0000 0000 0000 0000 0000
Y510:0000 0000 0000 0000 0000 0000 0000 0000  0000 0000 0000 0000 0000 0000 0000 0000
Y520:0000 0000 0000 0000 0000 0000 0000 0000  0000 0000 0000 0000 0000 0000 0000 0000
Y530:0000 0000 0000 0000 0000 0000 0000 0000  0000 0000 0000 0000 0000 0000 0000 0000
Y540:0000 0000 0000 0000 0000 0000 0000 0000  0000 0000 0000 0000 0000 0000 0000 0000
Y550:0000 0000 0000 0000 0000 0000 0000 0000  0000 0000 0000 0000 0000 0000 0000 0000
Y560:0000 0000 0000 0000 0000 0000 0000 0000  0000 0000 0000 0000 0000 0000 0000 0000
Y570:0000 0000 0000 0000 0000 0000 0000 0000  0000 0000 0000 0000 0000 0000 0000 0000
Y580:0000 0000 0000 0000 0000 0000 0000 0000  0000 0000 0000 0000 0000 0000 0000 0000
Y590:0000 0000 0000 0000 0000 0000 0000 0000  0000 0000 0000 0000 0000 0000 0000 0000
Y5A0:0000 0000 0000 0000 0000 0000 0000 0000  0000 0000 0000 0000 0000 0000 0000 0000
Y5B0:0000 0000 0000 0000 0000 0000 0000 0000  0000 0000 0000 0000 0000 0000 0000 0000
Y5C0:0000 0000 0000 0000 0000 0000 0000 0000  0000 0000 0000 0000 0000 0000 0000 0000
Y5D0:0000 0000 0000 0000 0000 0000 0000 0000  0000 0000 0000 0000 0000 0000 0000 0000
Y5E0:0000 0000 0000 0000 0000 0000 0000 0000  0000 0000 0000 0000 0000 0000 0000 0000
Y5F0:0000 0000 0000 0000 0000 0000 0000 0000  0000 0000 0000 0000 0000 0000 0000 0000
Y600:0000 0000 0000 0000 0000 0000 0000 0000  0000 0000 0000 0000 0000 0000 0000 0000
Y610:0000 0000 0000 0000 0000 0000 0000 0000  0000 0000 0000 0000 0000 0000 0000 0000
Y620:0000 0000 0000 0000 0000 0000 0000 0000  0000 0000 0000 0000 0000 0000 0000 0000
Y630:0000 0000 0000 0000 0000 0000 0000 0000  0000 0000 0000 0000 0000 0000 0000 0000
Y640:0000 0000 0000 0000 0000 0000 0000 0000  0000 0000 0000 0000 0000 0000 0000 0000
Y650:0000 0000 0000 0000 0000 0000 0000 0000  0000 0000 0000 0000 0000 0000 0000 0000
Y660:0000 0000 0000 0000 0000 0000 0000 0000  0000 0000 0000 0000 0000 0000 0000 0000
Y670:0000 0000 0000 0000 0000 0000 0000 0000  0000 0000 0000 0000 0000 0000 0000 0000
Y680:0000 0000 0000 0000 0000 0000 0000 0000  0000 0000 0000 0000 0000 0000 0000 0000
Y690:0000 0000 0000 0000 0000 0000 0000 0000  0000 0000 0000 0000 0000 0000 0000 0000
Y6A0:0000 0000 0000 0000 0000 0000 0000 0000  0000 0000 0000 0000 0000 0000 0000 0000
Y6B0:0000 0000 0000 0000 0000 0000 0000 0000  0000 0000 0000 0000 0000 0000 0000 0000
Y6C0:0000 0000 0000 0000 0000 0000 0000 0000  0000 0000 0000 0000 0000 0000 0000 0000
Y6D0:0000 0000 0000 0000 0000 0000 0000 0000  0000 0000 0000 0000 0000 0000 0000 0000
Y6E0:0000 0000 0000 0000 0000 0000 0000 0000  0000 0000 0000 0000 0000 0000 0000 0000
Y6F0:0000 0000 0000 0000 0000 0000 0000 0000  0000 0000 0000 0000 0000 0000 0000 0000
Y700:0000 0000 0000 0000 0000 0000 0000 0000  0000 0000 0000 0000 0000 0000 0000 0000
Y710:0000 0000 0000 0000 0000 0000 0000 0000  0000 0000 0000 0000 0000 0000 0000 0000
Y720:0000 0000 0000 0000 0000 0000 0000 0000  0000 0000 0000 0000 0000 0000 0000 0000
Y730:0000 0000 0000 0000 0000 0000 0000 0000  0000 0000 0000 0000 0000 0000 0000 0000
Y740:0000 0000 0000 0000 0000 0000 0000 0000  0000 0000 0000 0000 0000 0000 0000 0000
Y750:0000 0000 0000 0000 0000 0000 0000 0000  0000 0000 0000 0000 0000 0000 0000 0000
Y760:0000 0000 0000 0000 0000 0000 0000 0000  0000 0000 0000 0000 0000 0000 0000 0000
Y770:0000 0000 0000 0000 0000 0000 0000 0000  0000 0000 0000 0000 0000 0000 0000 0000
Y780:0000 0000 0000 0000 0000 0000 0000 0000  0000 0000 0000 0000 0000 0000 0000 0000
Y790:0000 0000 0000 0000 0000 0000 0000 0000  0000 0000 0000 0000 0000 0000 0000 0000
Y7A0:0000 0000 0000 0000 0000 0000 0000 0000  0000 0000 0000 0000 0000 0000 0000 0000
Y7B0:0000 0000 0000 0000 0000 0000 0000 0000  0000 0000 0000 0000 0000 0000 0000 0000
Y7C0:0000 0000 0000 0000 0000 0000 0000 0000  0000 0000 0000 0000 0000 0000 0000 0000
Y7D0:0000 0000 0000 0000 0000 0000 0000 0000  0000 0000 0000 0000 0000 0000 0000 0000
Y7E0:0000 0000 0000 0000 0000 0000 0000 0000  0000 0000 0000 0000 0000 0000 0000 0000
Y7F0:0000 0000 0000 0000 0000 0000 0000 0000  0000 0000 0000 0000 0000 0000 0000 0000
Y800:0000 0000 0000 0000 0000 0000 0000 0000  0000 0000 0000 0000 0000 0000 0000 0000
Y810:0000 0000 0000 0000 0000 0000 0000 0000  0000 0000 0000 0000 0000 0000 0000 0000
Y820:0000 0000 0000 0000 0000 0000 0000 0000  0000 0000 0000 0000 0000 0000 0000 0000
Y830:0000 0000 0000 0000 0000 0000 0000 0000  0000 0000 0000 0000 0000 0000 0000 0000
Y840:0000 0000 0000 0000 0000 0000 0000 0000  0000 0000 0000 0000 0000 0000 0000 0000
Y850:0000 0000 0000 0000 0000 0000 0000 0000  0000 0000 0000 0000 0000 0000 0000 0000
Y860:0000 0000 0000 0000 0000 0000 0000 0000  0000 0000 0000 0000 0000 0000 0000 0000
Y870:0000 0000 0000 0000 0000 0000 0000 0000  0000 0000 0000 0000 0000 0000 0000 0000
Y880:0000 0000 0000 0000 0000 0000 0000 0000  0000 0000 0000 0000 0000 0000 0000 0000
Y890:0000 0000 0000 0000 0000 0000 0000 0000  0000 0000 0000 0000 0000 0000 0000 0000
Y8A0:0000 0000 0000 0000 0000 0000 0000 0000  0000 0000 0000 0000 0000 0000 0000 0000
Y8B0:0000 0000 0000 0000 0000 0000 0000 0000  0000 0000 0000 0000 0000 0000 0000 0000
Y8C0:0000 0000 0000 0000 0000 0000 0000 0000  0000 0000 0000 0000 0000 0000 0000 0000
Y8D0:0000 0000 0000 0000 0000 0000 0000 0000  0000 0000 0000 0000 0000 0000 0000 0000
Y8E0:0000 0000 0000 0000 0000 0000 0000 0000  0000 0000 0000 0000 0000 0000 0000 0000
Y8F0:0000 0000 0000 0000 0000 0000 0000 0000  0000 0000 0000 0000 0000 0000 0000 0000
Y900:0000 0000 0000 0000 0000 0000 0000 0000  0000 0000 0000 0000 0000 0000 0000 0000
Y910:0000 0000 0000 0000 0000 0000 0000 0000  0000 0000 0000 0000 0000 0000 0000 0000
Y920:0000 0000 0000 0000 0000 0000 0000 0000  0000 0000 0000 0000 0000 0000 0000 0000
Y930:0000 0000 0000 0000 0000 0000 0000 0000  0000 0000 0000 0000 0000 0000 0000 0000
Y940:0000 0000 0000 0000 0000 0000 0000 0000  0000 0000 0000 0000 0000 0000 0000 0000
Y950:0000 0000 0000 0000 0000 0000 0000 0000  0000 0000 0000 0000 0000 0000 0000 0000
Y960:0000 0000 0000 0000 0000 0000 0000 0000  0000 0000 0000 0000 0000 0000 0000 0000
Y970:0000 0000 0000 0000 0000 0000 0000 0000  0000 0000 0000 0000 0000 0000 0000 0000
Y980:0000 0000 0000 0000 0000 0000 0000 0000  0000 0000 0000 0000 0000 0000 0000 0000
Y990:0000 0000 0000 0000 0000 0000 0000 0000  0000 0000 0000 0000 0000 0000 0000 0000
Y9A0:0000 0000 0000 0000 0000 0000 0000 0000  0000 0000 0000 0000 0000 0000 0000 0000
Y9B0:0000 0000 0000 0000 0000 0000 0000 0000  0000 0000 0000 0000 0000 0000 0000 0000
Y9C0:0000 0000 0000 0000 0000 0000 0000 0000  0000 0000 0000 0000 0000 0000 0000 0000
Y9D0:0000 0000 0000 0000 0000 0000 0000 0000  0000 0000 0000 0000 0000 0000 0000 0000
Y9E0:0000 0000 0000 0000 0000 0000 0000 0000  0000 0000 0000 0000 0000 0000 0000 0000
Y9F0:0000 0000 0000 0000 0000 0000 0000 0000  0000 0000 0000 0000 0000 0000 0000 0000
YA00:0000 0000 0000 0000 0000 0000 0000 0000  0000 0000 0000 0000 0000 0000 0000 0000
YA10:0000 0000 0000 0000 0000 0000 0000 0000  0000 0000 0000 0000 0000 0000 0000 0000
YA20:0000 0000 0000 0000 0000 0000 0000 0000  0000 0000 0000 0000 0000 0000 0000 0000
YA30:0000 0000 0000 0000 0000 0000 0000 0000  0000 0000 0000 0000 0000 0000 0000 0000
YA40:0000 0000 0000 0000 0000 0000 0000 0000  0000 0000 0000 0000 0000 0000 0000 0000
YA50:0000 0000 0000 0000 0000 0000 0000 0000  0000 0000 0000 0000 0000 0000 0000 0000
YA60:0000 0000 0000 0000 0000 0000 0000 0000  0000 0000 0000 0000 0000 0000 0000 0000
YA70:0000 0000 0000 0000 0000 0000 0000 0000  0000 0000 0000 0000 0000 0000 0000 0000
YA80:0000 0000 0000 0000 0000 0000 0000 0000  0000 0000 0000 0000 0000 0000 0000 0000
YA90:0000 0000 0000 0000 0000 0000 0000 0000  0000 0000 0000 0000 0000 0000 0000 0000
YAA0:0000 0000 0000 0000 0000 0000 0000 0000  0000 0000 0000 0000 0000 0000 0000 0000
YAB0:0000 0000 0000 0000 0000 0000 0000 0000  0000 0000 0000 0000 0000 0000 0000 0000
YAC0:0000 0000 0000 0000 0000 0000 0000 0000  0000 0000 0000 0000 0000 0000 0000 0000
YAD0:0000 0000 0000 0000 0000 0000 0000 0000  0000 0000 0000 0000 0000 0000 0000 0000
YAE0:0000 0000 0000 0000 0000 0000 0000 0000  0000 0000 0000 0000 0000 0000 0000 0000
YAF0:0000 0000 0000 0000 0000 0000 0000 0000  0000 0000 0000 0000 0000 0000 0000 0000
YB00:0000 0000 0000 0000 0000 0000 0000 0000  0000 0000 0000 0000 0000 0000 0000 0000
YB10:0000 0000 0000 0000 0000 0000 0000 0000  0000 0000 0000 0000 0000 0000 0000 0000
YB20:0000 0000 0000 0000 0000 0000 0000 0000  0000 0000 0000 0000 0000 0000 0000 0000
YB30:0000 0000 0000 0000 0000 0000 0000 0000  0000 0000 0000 0000 0000 0000 0000 0000
YB40:0000 0000 0000 0000 0000 0000 0000 0000  0000 0000 0000 0000 0000 0000 0000 0000
YB50:0000 0000 0000 0000 0000 0000 0000 0000  0000 0000 0000 0000 0000 0000 0000 0000
YB60:0000 0000 0000 0000 0000 0000 0000 0000  0000 0000 0000 0000 0000 0000 0000 0000
YB70:0000 0000 0000 0000 0000 0000 0000 0000  0000 0000 0000 0000 0000 0000 0000 0000
YB80:0000 0000 0000 0000 0000 0000 0000 0000  0000 0000 0000 0000 0000 0000 0000 0000
YB90:0000 0000 0000 0000 0000 0000 0000 0000  0000 0000 0000 0000 0000 0000 0000 0000
YBA0:0000 0000 0000 0000 0000 0000 0000 0000  0000 0000 0000 0000 0000 0000 0000 0000
YBB0:0000 0000 0000 0000 0000 0000 0000 0000  0000 0000 0000 0000 0000 0000 0000 0000
YBC0:0000 0000 0000 0000 0000 0000 0000 0000  0000 0000 0000 0000 0000 0000 0000 0000
YBD0:0000 0000 0000 0000 0000 0000 0000 0000  0000 0000 0000 0000 0000 0000 0000 0000
YBE0:0000 0000 0000 0000 0000 0000 0000 0000  0000 0000 0000 0000 0000 0000 0000 0000
YBF0:0000 0000 0000 0000 0000 0000 0000 0000  0000 0000 0000 0000 0000 0000 0000 0000
YC00:0000 0000 0000 0000 0000 0000 0000 0000  0000 0000 0000 0000 0000 0000 0000 0000
YC10:0000 0000 0000 0000 0000 0000 0000 0000  0000 0000 0000 0000 0000 0000 0000 0000
YC20:0000 0000 0000 0000 0000 0000 0000 0000  0000 0000 0000 0000 0000 0000 0000 0000
YC30:0000 0000 0000 0000 0000 0000 0000 0000  0000 0000 0000 0000 0000 0000 0000 0000
YC40:0000 0000 0000 0000 0000 0000 0000 0000  0000 0000 0000 0000 0000 0000 0000 0000
YC50:0000 0000 0000 0000 0000 0000 0000 0000  0000 0000 0000 0000 0000 0000 0000 0000
YC60:0000 0000 0000 0000 0000 0000 0000 0000  0000 0000 0000 0000 0000 0000 0000 0000
YC70:0000 0000 0000 0000 0000 0000 0000 0000  0000 0000 0000 0000 0000 0000 0000 0000
YC80:0000 0000 0000 0000 0000 0000 0000 0000  0000 0000 0000 0000 0000 0000 0000 0000
YC90:0000 0000 0000 0000 0000 0000 0000 0000  0000 0000 0000 0000 0000 0000 0000 0000
YCA0:0000 0000 0000 0000 0000 0000 0000 0000  0000 0000 0000 0000 0000 0000 0000 0000
YCB0:0000 0000 0000 0000 0000 0000 0000 0000  0000 0000 0000 0000 0000 0000 0000 0000
YCC0:0000 0000 0000 0000 0000 0000 0000 0000  0000 0000 0000 0000 0000 0000 0000 0000
YCD0:0000 0000 0000 0000 0000 0000 0000 0000  0000 0000 0000 0000 0000 0000 0000 0000
YCE0:0000 0000 0000 0000 0000 0000 0000 0000  0000 0000 0000 0000 0000 0000 0000 0000
YCF0:0000 0000 0000 0000 0000 0000 0000 0000  0000 0000 0000 0000 0000 0000 0000 0000
YD00:0000 0000 0000 0000 0000 0000 0000 0000  0000 0000 0000 0000 0000 0000 0000 0000
YD10:0000 0000 0000 0000 0000 0000 0000 0000  0000 0000 0000 0000 0000 0000 0000 0000
YD20:0000 0000 0000 0000 0000 0000 0000 0000  0000 0000 0000 0000 0000 0000 0000 0000
YD30:0000 0000 0000 0000 0000 0000 0000 0000  0000 0000 0000 0000 0000 0000 0000 0000
YD40:0000 0000 0000 0000 0000 0000 0000 0000  0000 0000 0000 0000 0000 0000 0000 0000
YD50:0000 0000 0000 0000 0000 0000 0000 0000  0000 0000 0000 0000 0000 0000 0000 0000
YD60:0000 0000 0000 0000 0000 0000 0000 0000  0000 0000 0000 0000 0000 0000 0000 0000
YD70:0000 0000 0000 0000 0000 0000 0000 0000  0000 0000 0000 0000 0000 0000 0000 0000
YD80:0000 0000 0000 0000 0000 0000 0000 0000  0000 0000 0000 0000 0000 0000 0000 0000
YD90:0000 0000 0000 0000 0000 0000 0000 0000  0000 0000 0000 0000 0000 0000 0000 0000
YDA0:0000 0000 0000 0000 0000 0000 0000 0000  0000 0000 0000 0000 0000 0000 0000 0000
YDB0:0000 0000 0000 0000 0000 0000 0000 0000  0000 0000 0000 0000 0000 0000 0000 0000
YDC0:0000 0000 0000 0000 0000 0000 0000 0000  0000 0000 0000 0000 0000 0000 0000 0000
YDD0:0000 0000 0000 0000 0000 0000 0000 0000  0000 0000 0000 0000 0000 0000 0000 0000
YDE0:0000 0000 0000 0000 0000 0000 0000 0000  0000 0000 0000 0000 0000 0000 0000 0000
YDF0:0000 0000 0000 0000 0000 0000 0000 0000  0000 0000 0000 0000 0000 0000 0000 0000
YE00:0000 0000 0000 0000 0000 0000 0000 0000  0000 0000 0000 0000 0000 0000 0000 0000
YE10:0000 0000 0000 0000 0000 0000 0000 0000  0000 0000 0000 0000 0000 0000 0000 0000
YE20:0000 0000 0000 0000 0000 0000 0000 0000  0000 0000 0000 0000 0000 0000 0000 0000
YE30:0000 0000 0000 0000 0000 0000 0000 0000  0000 0000 0000 0000 0000 0000 0000 0000
YE40:0000 0000 0000 0000 0000 0000 0000 0000  0000 0000 0000 0000 0000 0000 0000 0000
YE50:0000 0000 0000 0000 0000 0000 0000 0000  0000 0000 0000 0000 0000 0000 0000 0000
YE60:0000 0000 0000 0000 0000 0000 0000 0000  0000 0000 0000 0000 0000 0000 0000 0000
YE70:0000 0000 0000 0000 0000 0000 0000 0000  0000 0000 0000 0000 0000 0000 0000 0000
YE80:0000 0000 0000 0000 0000 0000 0000 0000  0000 0000 0000 0000 0000 0000 0000 0000
YE90:0000 0000 0000 0000 0000 0000 0000 0000  0000 0000 0000 0000 0000 0000 0000 0000
YEA0:0000 0000 0000 0000 0000 0000 0000 0000  0000 0000 0000 0000 0000 0000 0000 0000
YEB0:0000 0000 0000 0000 0000 0000 0000 0000  0000 0000 0000 0000 0000 0000 0000 0000
YEC0:0000 0000 0000 0000 0000 0000 0000 0000  0000 0000 0000 0000 0000 0000 0000 0000
YED0:0000 0000 0000 0000 0000 0000 0000 0000  0000 0000 0000 0000 0000 0000 0000 0000
YEE0:0000 0000 0000 0000 0000 0000 0000 0000  0000 0000 0000 0000 0000 0000 0000 0000
YEF0:0000 0000 0000 0000 0000 0000 0000 0000  0000 0000 0000 0000 0000 0000 0000 0000
YF00:0000 0000 0000 0000 0000 0000 0000 0000  0000 0000 0000 0000 0000 0000 0000 0000
YF10:0000 0000 0000 0000 0000 0000 0000 0000  0000 0000 0000 0000 0000 0000 0000 0000
YF20:0000 0000 0000 0000 0000 0000 0000 0000  0000 0000 0000 0000 0000 0000 0000 0000
YF30:0000 0000 0000 0000 0000 0000 0000 0000  0000 0000 0000 0000 0000 0000 0000 0000
YF40:0000 0000 0000 0000 0000 0000 0000 0000  0000 0000 0000 0000 0000 0000 0000 0000
YF50:0000 0000 0000 0000 0000 0000 0000 0000  0000 0000 0000 0000 0000 0000 0000 0000
YF60:0000 0000 0000 0000 0000 0000 0000 0000  0000 0000 0000 0000 0000 0000 0000 0000
YF70:0000 0000 0000 0000 0000 0000 0000 0000  0000 0000 0000 0000 0000 0000 0000 0000
YF80:0000 0000 0000 0000 0000 0000 0000 0000  0000 0000 0000 0000 0000 0000 0000 0000
YF90:0000 0000 0000 0000 0000 0000 0000 0000  0000 0000 0000 0000 0000 0000 0000 0000
YFA0:0000 0000 0000 0000 0000 0000 0000 0000  0000 0000 0000 0000 0000 0000 0000 0000
YFB0:0000 0000 0000 0000 0000 0000 0000 0000  0000 0000 0000 0000 0000 0000 0000 0000
YFC0:0000 0000 0000 0000 0000 0000 0000 0000  0000 0000 0000 0000 0000 0000 0000 0000
YFD0:0000 0000 0000 0000 0000 0000 0000 0000  0000 0000 0000 0000 0000 0000 0000 0000
YFE0:0000 0000 0000 0000 0000 0000 0000 0000  0000 0000 0000 0000 0000 0000 0000 0000
YFF0:0000 0000 0000 0000 0000 0000 0000 0000  0000 0000 0000 0000 0000 0000 0000 0000
